tensor([[[4.7232e-01, 5.2768e-01],
         [4.9139e-01, 5.0861e-01],
         [1.9427e-01, 8.0573e-01],
         [3.0699e-01, 6.9301e-01],
         [5.0479e-01, 4.9521e-01],
         [5.0406e-01, 4.9594e-01],
         [1.7872e-01, 8.2128e-01],
         [3.7868e-01, 6.2132e-01],
         [3.1748e-01, 6.8252e-01],
         [1.3718e-01, 8.6282e-01],
         [1.4261e-01, 8.5739e-01],
         [2.2044e-01, 7.7956e-01],
         [1.7936e-01, 8.2064e-01],
         [3.9854e-01, 6.0146e-01],
         [4.9754e-01, 5.0246e-01],
         [4.8487e-02, 9.5151e-01],
         [2.0189e-01, 7.9811e-01],
         [5.5449e-01, 4.4551e-01],
         [5.4032e-01, 4.5968e-01],
         [4.7959e-01, 5.2041e-01],
         [1.9341e-02, 9.8066e-01],
         [2.4558e-01, 7.5442e-01],
         [3.0305e-02, 9.6970e-01],
         [4.6541e-01, 5.3459e-01],
         [1.2437e-01, 8.7563e-01],
         [1.7178e-01, 8.2822e-01],
         [4.3890e-01, 5.6110e-01],
         [2.5396e-01, 7.4604e-01],
         [1.6521e-01, 8.3479e-01],
         [4.5301e-01, 5.4699e-01],
         [8.6517e-02, 9.1348e-01],
         [3.2103e-01, 6.7897e-01],
         [4.6000e-01, 5.4000e-01],
         [9.8279e-02, 9.0172e-01],
         [1.3272e-01, 8.6728e-01],
         [1.1852e-01, 8.8148e-01],
         [1.0856e-01, 8.9144e-01],
         [2.0519e-01, 7.9481e-01],
         [2.2369e-01, 7.7631e-01],
         [1.5333e-01, 8.4667e-01],
         [3.3358e-01, 6.6642e-01],
         [6.4336e-02, 9.3566e-01],
         [4.8194e-01, 5.1806e-01],
         [3.1268e-01, 6.8732e-01],
         [3.2198e-01, 6.7802e-01],
         [4.2943e-01, 5.7057e-01],
         [1.1343e-01, 8.8657e-01],
         [2.1870e-01, 7.8130e-01],
         [1.5977e-01, 8.4023e-01],
         [3.1596e-01, 6.8404e-01],
         [1.5964e-01, 8.4036e-01],
         [3.6544e-01, 6.3456e-01],
         [2.2681e-01, 7.7319e-01],
         [4.3573e-01, 5.6427e-01],
         [4.6693e-01, 5.3307e-01],
         [4.2063e-01, 5.7937e-01],
         [4.0979e-01, 5.9021e-01],
         [2.5940e-01, 7.4060e-01],
         [1.2163e-02, 9.8784e-01],
         [2.1549e-01, 7.8451e-01],
         [3.0236e-01, 6.9764e-01],
         [1.1490e-01, 8.8510e-01],
         [6.2353e-02, 9.3765e-01],
         [1.4399e-01, 8.5601e-01],
         [2.8618e-02, 9.7138e-01],
         [6.6427e-02, 9.3357e-01],
         [1.6115e-01, 8.3885e-01],
         [2.2536e-02, 9.7746e-01],
         [3.9706e-01, 6.0294e-01],
         [3.5021e-02, 9.6498e-01],
         [1.1121e-01, 8.8879e-01],
         [4.3512e-01, 5.6488e-01],
         [4.4945e-01, 5.5055e-01],
         [1.1449e-01, 8.8551e-01],
         [5.4120e-02, 9.4588e-01],
         [2.2078e-01, 7.7922e-01],
         [2.8184e-02, 9.7182e-01],
         [2.4126e-01, 7.5874e-01],
         [1.7899e-02, 9.8210e-01],
         [1.0494e-01, 8.9506e-01],
         [1.2251e-01, 8.7749e-01],
         [4.8860e-01, 5.1140e-01],
         [1.0967e-01, 8.9033e-01],
         [1.0040e-01, 8.9960e-01],
         [8.3710e-02, 9.1629e-01],
         [3.7452e-01, 6.2548e-01],
         [3.9532e-01, 6.0468e-01],
         [5.1059e-02, 9.4894e-01],
         [4.8263e-01, 5.1737e-01],
         [4.4587e-01, 5.5413e-01],
         [1.4575e-01, 8.5425e-01],
         [1.5293e-01, 8.4707e-01],
         [1.4858e-01, 8.5142e-01],
         [1.3301e-01, 8.6699e-01],
         [7.8502e-03, 9.9215e-01],
         [2.8910e-01, 7.1090e-01],
         [2.9684e-01, 7.0316e-01],
         [4.9252e-01, 5.0748e-01],
         [4.1931e-01, 5.8069e-01],
         [2.6030e-01, 7.3970e-01],
         [1.6724e-01, 8.3276e-01],
         [3.6032e-01, 6.3968e-01],
         [3.3290e-01, 6.6710e-01],
         [4.5111e-01, 5.4889e-01],
         [6.8887e-02, 9.3111e-01],
         [1.3086e-01, 8.6914e-01],
         [6.2657e-02, 9.3734e-01],
         [3.3754e-02, 9.6625e-01],
         [1.9314e-01, 8.0686e-01],
         [8.1736e-02, 9.1826e-01],
         [1.0861e-01, 8.9139e-01],
         [1.1597e-02, 9.8840e-01],
         [8.9629e-03, 9.9104e-01],
         [1.3972e-01, 8.6028e-01],
         [4.1959e-01, 5.8041e-01],
         [2.3681e-01, 7.6319e-01],
         [4.9866e-02, 9.5013e-01],
         [2.3139e-01, 7.6861e-01],
         [2.7461e-02, 9.7254e-01],
         [1.4715e-01, 8.5285e-01],
         [4.5349e-02, 9.5465e-01],
         [1.6897e-01, 8.3103e-01],
         [8.4022e-02, 9.1598e-01],
         [2.7754e-01, 7.2246e-01],
         [1.6302e-01, 8.3698e-01],
         [7.3630e-03, 9.9264e-01],
         [2.8632e-01, 7.1368e-01],
         [3.3923e-01, 6.6077e-01],
         [2.5392e-01, 7.4608e-01],
         [1.1849e-01, 8.8151e-01],
         [3.4542e-01, 6.5458e-01],
         [4.9452e-01, 5.0548e-01],
         [1.1741e-01, 8.8259e-01],
         [1.6157e-01, 8.3843e-01],
         [1.7292e-01, 8.2708e-01],
         [4.6899e-01, 5.3101e-01],
         [1.0306e-01, 8.9694e-01],
         [1.0580e-01, 8.9420e-01],
         [3.0822e-01, 6.9178e-01],
         [3.6053e-01, 6.3947e-01],
         [1.6577e-01, 8.3423e-01],
         [1.7163e-01, 8.2837e-01],
         [4.9163e-01, 5.0837e-01],
         [4.1555e-02, 9.5845e-01],
         [7.4864e-02, 9.2514e-01],
         [3.5790e-01, 6.4210e-01],
         [1.2356e-01, 8.7644e-01],
         [9.7865e-02, 9.0213e-01],
         [3.8487e-01, 6.1513e-01],
         [3.0649e-01, 6.9351e-01],
         [1.1033e-02, 9.8897e-01],
         [5.3336e-02, 9.4666e-01],
         [4.4471e-01, 5.5529e-01],
         [6.3606e-02, 9.3639e-01],
         [2.1291e-01, 7.8709e-01],
         [8.8420e-02, 9.1158e-01],
         [5.6588e-03, 9.9434e-01],
         [3.8710e-01, 6.1290e-01],
         [3.1413e-02, 9.6859e-01],
         [3.9288e-01, 6.0712e-01],
         [4.6983e-02, 9.5302e-01],
         [1.2064e-01, 8.7936e-01],
         [6.4338e-03, 9.9357e-01],
         [1.4336e-01, 8.5664e-01],
         [2.6069e-02, 9.7393e-01],
         [4.2413e-01, 5.7587e-01],
         [1.3003e-01, 8.6997e-01],
         [8.1974e-02, 9.1803e-01],
         [1.0988e-01, 8.9012e-01],
         [5.2406e-01, 4.7594e-01],
         [8.2097e-02, 9.1790e-01],
         [1.8887e-01, 8.1113e-01],
         [1.2563e-01, 8.7437e-01],
         [4.0387e-01, 5.9613e-01],
         [2.0188e-01, 7.9812e-01],
         [4.1036e-01, 5.8964e-01],
         [3.1787e-01, 6.8213e-01],
         [2.7517e-02, 9.7248e-01],
         [3.4237e-01, 6.5763e-01],
         [4.0186e-02, 9.5981e-01],
         [4.5345e-01, 5.4655e-01],
         [3.4024e-02, 9.6598e-01],
         [8.8275e-02, 9.1172e-01],
         [1.3322e-01, 8.6678e-01],
         [6.2436e-03, 9.9376e-01],
         [1.5071e-02, 9.8493e-01],
         [3.2774e-01, 6.7226e-01],
         [1.7513e-01, 8.2487e-01],
         [2.4102e-01, 7.5898e-01],
         [9.0314e-02, 9.0969e-01],
         [7.6268e-03, 9.9237e-01],
         [3.1483e-01, 6.8517e-01],
         [2.8270e-02, 9.7173e-01],
         [2.1764e-02, 9.7824e-01],
         [5.2575e-02, 9.4742e-01],
         [7.9875e-02, 9.2013e-01],
         [8.9699e-02, 9.1030e-01],
         [8.4266e-02, 9.1573e-01],
         [3.2580e-01, 6.7420e-01],
         [4.6082e-01, 5.3918e-01],
         [8.8787e-02, 9.1121e-01],
         [2.4700e-01, 7.5300e-01],
         [4.5089e-01, 5.4911e-01],
         [3.6071e-01, 6.3929e-01],
         [4.8280e-01, 5.1720e-01],
         [2.6144e-01, 7.3856e-01],
         [9.1003e-02, 9.0900e-01],
         [2.0094e-02, 9.7991e-01],
         [1.5416e-01, 8.4584e-01],
         [3.3638e-01, 6.6362e-01],
         [4.4243e-01, 5.5757e-01],
         [1.3362e-01, 8.6638e-01],
         [2.8107e-02, 9.7189e-01],
         [1.4466e-01, 8.5534e-01],
         [4.0227e-01, 5.9773e-01],
         [3.2473e-01, 6.7527e-01],
         [2.1748e-02, 9.7825e-01],
         [3.0689e-01, 6.9311e-01],
         [3.2890e-01, 6.7110e-01],
         [2.8597e-01, 7.1403e-01],
         [2.9121e-01, 7.0879e-01],
         [1.7056e-01, 8.2944e-01],
         [1.1962e-01, 8.8038e-01],
         [3.9665e-02, 9.6033e-01],
         [4.2134e-01, 5.7866e-01],
         [2.8356e-01, 7.1644e-01],
         [2.0260e-02, 9.7974e-01],
         [4.3439e-01, 5.6561e-01],
         [6.7169e-03, 9.9328e-01],
         [1.1370e-01, 8.8630e-01],
         [4.8740e-01, 5.1260e-01],
         [3.1801e-02, 9.6820e-01],
         [2.3346e-01, 7.6654e-01],
         [2.2061e-01, 7.7939e-01],
         [2.3837e-01, 7.6163e-01],
         [3.2499e-02, 9.6750e-01],
         [3.2985e-02, 9.6702e-01],
         [1.9870e-02, 9.8013e-01],
         [4.7378e-02, 9.5262e-01],
         [5.7175e-02, 9.4283e-01],
         [6.5951e-02, 9.3405e-01],
         [2.3085e-01, 7.6915e-01],
         [4.0886e-02, 9.5911e-01],
         [5.6119e-03, 9.9439e-01],
         [9.3198e-02, 9.0680e-01],
         [1.5410e-02, 9.8459e-01],
         [4.2619e-01, 5.7381e-01],
         [2.5516e-02, 9.7448e-01],
         [2.0999e-02, 9.7900e-01],
         [5.7728e-02, 9.4227e-01],
         [1.1977e-02, 9.8802e-01],
         [4.5944e-02, 9.5406e-01],
         [2.6854e-02, 9.7315e-01],
         [7.0614e-02, 9.2939e-01],
         [2.6328e-02, 9.7367e-01],
         [1.8082e-01, 8.1918e-01],
         [1.0327e-03, 9.9897e-01],
         [6.2265e-03, 9.9377e-01],
         [1.9659e-02, 9.8034e-01],
         [2.7697e-01, 7.2303e-01],
         [1.4150e-01, 8.5850e-01],
         [1.2510e-02, 9.8749e-01],
         [8.4002e-02, 9.1600e-01],
         [3.4325e-02, 9.6567e-01],
         [3.0691e-03, 9.9693e-01],
         [1.3957e-03, 9.9860e-01],
         [1.4351e-03, 9.9856e-01],
         [7.9662e-03, 9.9203e-01],
         [8.8594e-02, 9.1141e-01],
         [4.3321e-03, 9.9567e-01],
         [3.0307e-02, 9.6969e-01],
         [2.4476e-02, 9.7552e-01],
         [1.8026e-02, 9.8197e-01],
         [4.2075e-01, 5.7925e-01],
         [1.5125e-01, 8.4875e-01],
         [1.4867e-02, 9.8513e-01],
         [7.7167e-02, 9.2283e-01],
         [1.4477e-01, 8.5523e-01],
         [1.2232e-03, 9.9878e-01],
         [2.2576e-02, 9.7742e-01],
         [1.8947e-01, 8.1053e-01],
         [9.6401e-03, 9.9036e-01],
         [2.0584e-01, 7.9416e-01],
         [7.2048e-02, 9.2795e-01],
         [9.8225e-02, 9.0177e-01],
         [2.3528e-02, 9.7647e-01],
         [1.9628e-03, 9.9804e-01],
         [5.7527e-02, 9.4247e-01],
         [5.6430e-02, 9.4357e-01],
         [6.7452e-03, 9.9325e-01],
         [6.6810e-03, 9.9332e-01],
         [9.1080e-02, 9.0892e-01],
         [9.7522e-04, 9.9902e-01],
         [3.4564e-01, 6.5436e-01],
         [8.4578e-03, 9.9154e-01],
         [6.1540e-03, 9.9385e-01],
         [4.1656e-01, 5.8344e-01],
         [2.4210e-01, 7.5790e-01],
         [4.7770e-02, 9.5223e-01],
         [3.7452e-01, 6.2548e-01],
         [3.6428e-03, 9.9636e-01],
         [8.5858e-03, 9.9141e-01],
         [1.8842e-02, 9.8116e-01],
         [5.7050e-03, 9.9429e-01],
         [2.2464e-02, 9.7754e-01],
         [1.3052e-02, 9.8695e-01],
         [2.0274e-02, 9.7973e-01],
         [3.2206e-01, 6.7794e-01],
         [1.7699e-02, 9.8230e-01],
         [4.5169e-02, 9.5483e-01],
         [5.2943e-03, 9.9471e-01],
         [1.2130e-03, 9.9879e-01],
         [8.0488e-02, 9.1951e-01],
         [1.1616e-02, 9.8838e-01],
         [2.8767e-03, 9.9712e-01],
         [1.1196e-03, 9.9888e-01],
         [5.8129e-03, 9.9419e-01],
         [4.9893e-02, 9.5011e-01],
         [8.2107e-03, 9.9179e-01],
         [4.5738e-01, 5.4262e-01],
         [9.3668e-03, 9.9063e-01],
         [3.2270e-02, 9.6773e-01],
         [1.5390e-03, 9.9846e-01],
         [5.2570e-03, 9.9474e-01],
         [3.6710e-01, 6.3290e-01],
         [3.0638e-01, 6.9362e-01],
         [4.1893e-03, 9.9581e-01],
         [8.8644e-02, 9.1136e-01],
         [8.6458e-03, 9.9135e-01],
         [6.1258e-02, 9.3874e-01],
         [8.0450e-02, 9.1955e-01],
         [6.7228e-03, 9.9328e-01],
         [5.4188e-03, 9.9458e-01],
         [5.0570e-02, 9.4943e-01],
         [1.2179e-02, 9.8782e-01],
         [2.6437e-04, 9.9974e-01],
         [1.2862e-02, 9.8714e-01],
         [9.5868e-02, 9.0413e-01],
         [2.5661e-01, 7.4339e-01],
         [8.5684e-02, 9.1432e-01],
         [4.3407e-01, 5.6593e-01],
         [1.1304e-02, 9.8870e-01],
         [1.3281e-01, 8.6720e-01],
         [1.3821e-02, 9.8618e-01],
         [2.8066e-03, 9.9719e-01],
         [4.8396e-01, 5.1604e-01],
         [1.9554e-02, 9.8045e-01],
         [3.1482e-02, 9.6852e-01],
         [7.0600e-02, 9.2940e-01],
         [7.6521e-03, 9.9235e-01],
         [1.3540e-02, 9.8646e-01],
         [1.9221e-01, 8.0779e-01],
         [1.6653e-03, 9.9833e-01],
         [1.1054e-02, 9.8895e-01],
         [1.8843e-01, 8.1157e-01],
         [3.5916e-02, 9.6408e-01],
         [1.8550e-01, 8.1450e-01],
         [2.1122e-02, 9.7888e-01],
         [5.2680e-03, 9.9473e-01],
         [3.3527e-01, 6.6473e-01],
         [6.8549e-02, 9.3145e-01],
         [4.5447e-03, 9.9546e-01],
         [6.7756e-03, 9.9322e-01],
         [2.4510e-02, 9.7549e-01],
         [4.9627e-03, 9.9504e-01],
         [1.5257e-02, 9.8474e-01],
         [1.5083e-02, 9.8492e-01],
         [7.7578e-04, 9.9922e-01],
         [7.7883e-02, 9.2212e-01],
         [1.4994e-02, 9.8501e-01],
         [2.5643e-03, 9.9744e-01],
         [5.3937e-02, 9.4606e-01],
         [7.3010e-04, 9.9927e-01],
         [3.6215e-03, 9.9638e-01],
         [1.0490e-03, 9.9895e-01],
         [1.0673e-03, 9.9893e-01],
         [1.2729e-01, 8.7271e-01],
         [2.9868e-03, 9.9701e-01],
         [7.6294e-04, 9.9924e-01],
         [6.2459e-02, 9.3754e-01],
         [7.8375e-03, 9.9216e-01],
         [2.4146e-02, 9.7585e-01],
         [1.1825e-02, 9.8818e-01],
         [3.8294e-03, 9.9617e-01],
         [2.4363e-02, 9.7564e-01],
         [3.3172e-04, 9.9967e-01],
         [6.8660e-04, 9.9931e-01],
         [1.2114e-03, 9.9879e-01],
         [1.8493e-01, 8.1507e-01],
         [4.3855e-03, 9.9561e-01],
         [1.4597e-03, 9.9854e-01],
         [2.6864e-03, 9.9731e-01],
         [2.1974e-03, 9.9780e-01],
         [6.7027e-04, 9.9933e-01],
         [1.4600e-02, 9.8540e-01],
         [2.0002e-01, 7.9998e-01],
         [3.4199e-03, 9.9658e-01],
         [6.0425e-03, 9.9396e-01],
         [2.5777e-03, 9.9742e-01],
         [7.3106e-03, 9.9269e-01],
         [1.7309e-03, 9.9827e-01],
         [1.3654e-02, 9.8635e-01],
         [1.8243e-02, 9.8176e-01],
         [9.8662e-04, 9.9901e-01],
         [8.0317e-03, 9.9197e-01],
         [3.2615e-03, 9.9674e-01],
         [3.7482e-04, 9.9963e-01],
         [1.1757e-02, 9.8824e-01],
         [7.4513e-02, 9.2549e-01],
         [8.9395e-03, 9.9106e-01],
         [1.1799e-02, 9.8820e-01],
         [5.0000e-03, 9.9500e-01],
         [1.7470e-03, 9.9825e-01],
         [1.5455e-01, 8.4545e-01],
         [6.9147e-05, 9.9993e-01],
         [9.1044e-03, 9.9090e-01],
         [2.6766e-02, 9.7323e-01],
         [1.3946e-03, 9.9861e-01],
         [1.0039e-01, 8.9961e-01],
         [2.0657e-04, 9.9979e-01],
         [1.4715e-02, 9.8529e-01],
         [5.0079e-02, 9.4992e-01],
         [2.1425e-03, 9.9786e-01],
         [1.1687e-02, 9.8831e-01],
         [4.5971e-03, 9.9540e-01],
         [3.9166e-02, 9.6083e-01],
         [6.6663e-04, 9.9933e-01],
         [1.1640e-03, 9.9884e-01],
         [2.7774e-03, 9.9722e-01],
         [1.9988e-03, 9.9800e-01],
         [3.1892e-01, 6.8108e-01],
         [6.8232e-02, 9.3177e-01],
         [6.1222e-03, 9.9388e-01],
         [3.1363e-02, 9.6864e-01],
         [5.1780e-03, 9.9482e-01],
         [8.7338e-03, 9.9127e-01],
         [4.2950e-03, 9.9570e-01],
         [1.1868e-03, 9.9881e-01],
         [2.6159e-03, 9.9738e-01],
         [2.1988e-02, 9.7801e-01],
         [2.8217e-03, 9.9718e-01],
         [8.5907e-04, 9.9914e-01],
         [1.6618e-02, 9.8338e-01],
         [1.0113e-02, 9.8989e-01],
         [4.4686e-01, 5.5314e-01],
         [3.0058e-02, 9.6994e-01],
         [5.2335e-03, 9.9477e-01],
         [1.4723e-03, 9.9853e-01],
         [2.2277e-03, 9.9777e-01],
         [7.4111e-02, 9.2589e-01],
         [1.8603e-02, 9.8140e-01],
         [1.6238e-03, 9.9838e-01],
         [6.9700e-03, 9.9303e-01],
         [2.8910e-03, 9.9711e-01],
         [2.2795e-03, 9.9772e-01],
         [3.6815e-01, 6.3185e-01],
         [2.8507e-03, 9.9715e-01],
         [1.6077e-02, 9.8392e-01],
         [5.6097e-03, 9.9439e-01],
         [1.1971e-02, 9.8803e-01],
         [9.0604e-03, 9.9094e-01],
         [4.9031e-02, 9.5097e-01],
         [4.1935e-02, 9.5806e-01],
         [4.6559e-02, 9.5344e-01],
         [1.5334e-03, 9.9847e-01],
         [2.2784e-02, 9.7722e-01],
         [4.0652e-02, 9.5935e-01],
         [1.8062e-01, 8.1938e-01],
         [1.0513e-02, 9.8949e-01],
         [3.7415e-03, 9.9626e-01],
         [2.6745e-03, 9.9733e-01],
         [8.9420e-04, 9.9911e-01],
         [2.3307e-03, 9.9767e-01],
         [2.3506e-02, 9.7649e-01],
         [4.7751e-02, 9.5225e-01],
         [7.2136e-03, 9.9279e-01],
         [1.3773e-03, 9.9862e-01],
         [3.2210e-03, 9.9678e-01],
         [7.7713e-04, 9.9922e-01],
         [1.4813e-03, 9.9852e-01],
         [4.4684e-03, 9.9553e-01],
         [3.3621e-03, 9.9664e-01],
         [9.5107e-02, 9.0489e-01],
         [6.2084e-04, 9.9938e-01],
         [8.6243e-02, 9.1376e-01],
         [7.9060e-06, 9.9999e-01],
         [5.8736e-02, 9.4126e-01],
         [2.5657e-01, 7.4343e-01],
         [5.3411e-03, 9.9466e-01],
         [7.3582e-02, 9.2642e-01],
         [2.3579e-02, 9.7642e-01],
         [4.4794e-03, 9.9552e-01],
         [2.2466e-03, 9.9775e-01],
         [3.6669e-03, 9.9633e-01],
         [2.3335e-03, 9.9767e-01],
         [5.0991e-03, 9.9490e-01],
         [6.8541e-02, 9.3146e-01],
         [7.6738e-03, 9.9233e-01],
         [2.9579e-02, 9.7042e-01],
         [5.3480e-05, 9.9995e-01],
         [2.3977e-03, 9.9760e-01],
         [3.1310e-03, 9.9687e-01],
         [2.5167e-03, 9.9748e-01],
         [3.8994e-03, 9.9610e-01],
         [6.7868e-03, 9.9321e-01],
         [3.0376e-03, 9.9696e-01],
         [7.8150e-03, 9.9218e-01],
         [1.1538e-04, 9.9988e-01],
         [7.3674e-04, 9.9926e-01],
         [3.3587e-04, 9.9966e-01],
         [2.5062e-03, 9.9749e-01],
         [3.6714e-02, 9.6329e-01],
         [2.3888e-03, 9.9761e-01],
         [1.4243e-03, 9.9858e-01],
         [6.1917e-04, 9.9938e-01],
         [1.5268e-04, 9.9985e-01],
         [1.6365e-03, 9.9836e-01],
         [8.4575e-05, 9.9992e-01],
         [9.9979e-05, 9.9990e-01],
         [8.2165e-04, 9.9918e-01],
         [1.1416e-05, 9.9999e-01],
         [5.0107e-04, 9.9950e-01],
         [2.4191e-04, 9.9976e-01],
         [1.5155e-03, 9.9848e-01],
         [5.2631e-04, 9.9947e-01],
         [1.1885e-02, 9.8811e-01],
         [3.8234e-03, 9.9618e-01],
         [1.7526e-04, 9.9982e-01],
         [1.1581e-04, 9.9988e-01],
         [3.4323e-03, 9.9657e-01],
         [2.7788e-05, 9.9997e-01],
         [1.1513e-03, 9.9885e-01],
         [8.1582e-04, 9.9918e-01],
         [8.5252e-04, 9.9915e-01],
         [2.5649e-05, 9.9997e-01],
         [1.6155e-04, 9.9984e-01],
         [3.2516e-04, 9.9967e-01],
         [2.0733e-04, 9.9979e-01],
         [6.7502e-03, 9.9325e-01],
         [4.9911e-05, 9.9995e-01],
         [1.9537e-04, 9.9980e-01],
         [2.9215e-03, 9.9708e-01],
         [2.6521e-04, 9.9973e-01],
         [1.3342e-03, 9.9867e-01],
         [1.3316e-04, 9.9987e-01],
         [4.1857e-05, 9.9996e-01],
         [5.0351e-06, 9.9999e-01],
         [6.5301e-06, 9.9999e-01],
         [6.5966e-04, 9.9934e-01],
         [2.4115e-04, 9.9976e-01],
         [1.0292e-03, 9.9897e-01],
         [6.3121e-03, 9.9369e-01],
         [3.8571e-04, 9.9961e-01],
         [8.6718e-04, 9.9913e-01],
         [6.1657e-04, 9.9938e-01],
         [1.2371e-04, 9.9988e-01],
         [5.8598e-04, 9.9941e-01],
         [1.6131e-04, 9.9984e-01],
         [6.6298e-05, 9.9993e-01],
         [5.9511e-05, 9.9994e-01],
         [1.0982e-04, 9.9989e-01],
         [1.8328e-06, 1.0000e+00],
         [2.3768e-04, 9.9976e-01],
         [2.3696e-04, 9.9976e-01],
         [1.0171e-04, 9.9990e-01],
         [1.9004e-04, 9.9981e-01],
         [1.0629e-03, 9.9894e-01],
         [1.1213e-05, 9.9999e-01],
         [6.6905e-05, 9.9993e-01],
         [4.0187e-05, 9.9996e-01],
         [1.1555e-04, 9.9988e-01],
         [1.2762e-04, 9.9987e-01],
         [1.1048e-05, 9.9999e-01],
         [2.0371e-03, 9.9796e-01],
         [3.1883e-04, 9.9968e-01],
         [1.4710e-04, 9.9985e-01],
         [4.2276e-04, 9.9958e-01],
         [2.8397e-05, 9.9997e-01],
         [5.8852e-05, 9.9994e-01],
         [9.0843e-04, 9.9909e-01],
         [4.9991e-06, 9.9999e-01],
         [2.7784e-06, 1.0000e+00],
         [1.2609e-04, 9.9987e-01],
         [4.0735e-04, 9.9959e-01],
         [4.0450e-03, 9.9595e-01],
         [1.0553e-04, 9.9989e-01],
         [3.4723e-05, 9.9997e-01],
         [1.0110e-03, 9.9899e-01],
         [5.8474e-04, 9.9942e-01],
         [7.5035e-04, 9.9925e-01],
         [1.1567e-04, 9.9988e-01],
         [1.1379e-04, 9.9989e-01],
         [2.5808e-04, 9.9974e-01],
         [3.9078e-05, 9.9996e-01],
         [1.5638e-05, 9.9998e-01],
         [3.8289e-04, 9.9962e-01],
         [1.3653e-05, 9.9999e-01],
         [1.1730e-04, 9.9988e-01],
         [2.6295e-05, 9.9997e-01],
         [2.0435e-02, 9.7956e-01],
         [5.3735e-04, 9.9946e-01],
         [3.9477e-05, 9.9996e-01],
         [4.7387e-05, 9.9995e-01],
         [2.1024e-03, 9.9790e-01],
         [3.1041e-04, 9.9969e-01],
         [3.3176e-04, 9.9967e-01],
         [1.0748e-04, 9.9989e-01],
         [4.5154e-04, 9.9955e-01],
         [9.1223e-03, 9.9088e-01],
         [1.4224e-03, 9.9858e-01],
         [1.3416e-03, 9.9866e-01],
         [2.3255e-04, 9.9977e-01],
         [3.3101e-04, 9.9967e-01],
         [7.2939e-04, 9.9927e-01],
         [7.0669e-04, 9.9929e-01],
         [7.5797e-04, 9.9924e-01],
         [8.1828e-05, 9.9992e-01],
         [2.1921e-04, 9.9978e-01],
         [5.5609e-04, 9.9944e-01],
         [3.7159e-05, 9.9996e-01],
         [1.3503e-03, 9.9865e-01],
         [1.3145e-04, 9.9987e-01],
         [6.2924e-04, 9.9937e-01],
         [4.3477e-06, 1.0000e+00],
         [2.0126e-04, 9.9980e-01],
         [1.7952e-05, 9.9998e-01],
         [6.9967e-05, 9.9993e-01],
         [5.8735e-05, 9.9994e-01],
         [5.3096e-05, 9.9995e-01],
         [7.8164e-04, 9.9922e-01],
         [1.1488e-03, 9.9885e-01],
         [1.8777e-03, 9.9812e-01],
         [3.4841e-04, 9.9965e-01],
         [4.5536e-05, 9.9995e-01],
         [3.1222e-05, 9.9997e-01],
         [2.0417e-03, 9.9796e-01],
         [1.3646e-03, 9.9864e-01],
         [1.0049e-03, 9.9900e-01],
         [1.4818e-03, 9.9852e-01],
         [6.9934e-04, 9.9930e-01],
         [1.2678e-04, 9.9987e-01],
         [8.4419e-05, 9.9992e-01],
         [2.0371e-03, 9.9796e-01],
         [7.2047e-05, 9.9993e-01],
         [3.5893e-04, 9.9964e-01],
         [2.6528e-06, 1.0000e+00],
         [8.6846e-05, 9.9991e-01],
         [3.1238e-04, 9.9969e-01],
         [3.8206e-05, 9.9996e-01],
         [1.4358e-03, 9.9856e-01],
         [1.9966e-05, 9.9998e-01],
         [5.6025e-05, 9.9994e-01],
         [3.9956e-05, 9.9996e-01],
         [3.0277e-05, 9.9997e-01],
         [5.4480e-05, 9.9995e-01],
         [4.0861e-05, 9.9996e-01],
         [1.4302e-04, 9.9986e-01],
         [1.0061e-04, 9.9990e-01],
         [7.7250e-05, 9.9992e-01],
         [1.6041e-04, 9.9984e-01],
         [2.7696e-06, 1.0000e+00],
         [1.3170e-04, 9.9987e-01],
         [1.3651e-03, 9.9863e-01],
         [2.7291e-04, 9.9973e-01],
         [1.0960e-04, 9.9989e-01],
         [2.1071e-04, 9.9979e-01],
         [1.7754e-04, 9.9982e-01],
         [1.7159e-04, 9.9983e-01],
         [5.0771e-05, 9.9995e-01],
         [3.8628e-04, 9.9961e-01],
         [6.2717e-05, 9.9994e-01],
         [1.4182e-06, 1.0000e+00],
         [9.5052e-05, 9.9990e-01],
         [1.4069e-04, 9.9986e-01],
         [8.4985e-04, 9.9915e-01],
         [2.8618e-05, 9.9997e-01],
         [2.2829e-03, 9.9772e-01],
         [6.9620e-05, 9.9993e-01],
         [1.2097e-04, 9.9988e-01],
         [7.8143e-04, 9.9922e-01],
         [1.0786e-04, 9.9989e-01],
         [1.3803e-04, 9.9986e-01],
         [2.5711e-04, 9.9974e-01],
         [5.0179e-04, 9.9950e-01],
         [3.1649e-04, 9.9968e-01],
         [4.4256e-04, 9.9956e-01],
         [2.4688e-04, 9.9975e-01],
         [5.4276e-04, 9.9946e-01],
         [6.1321e-05, 9.9994e-01],
         [3.3650e-03, 9.9664e-01],
         [7.0799e-05, 9.9993e-01],
         [4.7777e-04, 9.9952e-01],
         [1.0071e-04, 9.9990e-01],
         [2.8179e-04, 9.9972e-01],
         [4.7959e-05, 9.9995e-01],
         [2.2801e-04, 9.9977e-01],
         [4.1162e-05, 9.9996e-01],
         [2.0852e-04, 9.9979e-01],
         [1.5099e-04, 9.9985e-01],
         [1.3769e-03, 9.9862e-01],
         [4.5452e-04, 9.9955e-01],
         [2.9271e-03, 9.9707e-01],
         [5.8972e-04, 9.9941e-01],
         [7.5493e-04, 9.9925e-01],
         [3.9096e-04, 9.9961e-01],
         [7.7525e-05, 9.9992e-01],
         [6.7454e-05, 9.9993e-01],
         [6.7977e-05, 9.9993e-01],
         [1.8554e-03, 9.9814e-01],
         [5.6339e-05, 9.9994e-01],
         [2.0556e-05, 9.9998e-01],
         [6.7310e-05, 9.9993e-01],
         [3.8946e-05, 9.9996e-01],
         [5.6712e-05, 9.9994e-01],
         [8.2295e-05, 9.9992e-01],
         [5.6733e-04, 9.9943e-01],
         [4.0350e-04, 9.9960e-01],
         [3.7098e-05, 9.9996e-01],
         [2.6482e-03, 9.9735e-01],
         [4.7516e-05, 9.9995e-01],
         [8.6008e-05, 9.9991e-01],
         [1.4747e-05, 9.9999e-01],
         [1.7131e-03, 9.9829e-01],
         [4.8890e-04, 9.9951e-01],
         [1.3931e-04, 9.9986e-01],
         [2.0318e-04, 9.9980e-01],
         [8.6999e-05, 9.9991e-01],
         [4.8460e-04, 9.9952e-01],
         [1.8320e-04, 9.9982e-01],
         [2.0494e-04, 9.9980e-01],
         [6.4965e-05, 9.9994e-01],
         [9.0318e-04, 9.9910e-01],
         [9.3836e-05, 9.9991e-01],
         [2.0369e-04, 9.9980e-01],
         [1.1211e-04, 9.9989e-01],
         [3.9794e-03, 9.9602e-01],
         [1.6706e-04, 9.9983e-01],
         [1.4782e-05, 9.9999e-01],
         [9.4199e-04, 9.9906e-01],
         [6.5965e-05, 9.9993e-01],
         [2.4581e-04, 9.9975e-01],
         [2.0887e-05, 9.9998e-01],
         [1.3446e-04, 9.9987e-01],
         [2.2205e-04, 9.9978e-01],
         [1.1247e-03, 9.9888e-01],
         [1.5996e-04, 9.9984e-01],
         [3.4696e-04, 9.9965e-01],
         [1.1655e-03, 9.9883e-01],
         [8.2761e-05, 9.9992e-01],
         [1.1343e-04, 9.9989e-01],
         [5.8752e-04, 9.9941e-01],
         [3.1927e-04, 9.9968e-01],
         [2.2542e-04, 9.9977e-01],
         [6.7173e-04, 9.9933e-01],
         [1.0885e-04, 9.9989e-01],
         [1.9101e-05, 9.9998e-01],
         [8.9732e-05, 9.9991e-01],
         [1.5640e-04, 9.9984e-01],
         [1.8990e-03, 9.9810e-01],
         [2.2246e-04, 9.9978e-01],
         [4.8828e-04, 9.9951e-01],
         [1.7372e-05, 9.9998e-01],
         [5.6512e-04, 9.9943e-01],
         [6.1074e-05, 9.9994e-01],
         [5.1682e-04, 9.9948e-01],
         [1.0187e-05, 9.9999e-01],
         [1.0850e-03, 9.9891e-01],
         [1.1462e-04, 9.9989e-01],
         [1.9918e-04, 9.9980e-01],
         [5.8480e-04, 9.9942e-01],
         [4.5763e-05, 9.9995e-01],
         [2.2095e-04, 9.9978e-01],
         [1.7134e-04, 9.9983e-01],
         [2.3738e-04, 9.9976e-01],
         [6.8277e-04, 9.9932e-01],
         [1.1726e-04, 9.9988e-01],
         [3.3123e-04, 9.9967e-01],
         [8.0549e-05, 9.9992e-01],
         [1.7990e-04, 9.9982e-01],
         [2.0594e-04, 9.9979e-01],
         [2.2081e-04, 9.9978e-01],
         [3.9088e-05, 9.9996e-01],
         [1.8819e-04, 9.9981e-01],
         [3.6186e-04, 9.9964e-01],
         [1.1645e-03, 9.9884e-01],
         [1.4337e-03, 9.9857e-01],
         [6.2380e-05, 9.9994e-01],
         [6.6018e-05, 9.9993e-01],
         [1.8482e-04, 9.9982e-01],
         [5.6982e-04, 9.9943e-01],
         [4.9170e-04, 9.9951e-01],
         [5.1053e-05, 9.9995e-01],
         [9.0459e-05, 9.9991e-01],
         [7.2701e-05, 9.9993e-01],
         [1.3277e-04, 9.9987e-01],
         [1.0747e-03, 9.9893e-01],
         [4.4803e-04, 9.9955e-01],
         [5.8199e-04, 9.9942e-01],
         [1.9594e-04, 9.9980e-01],
         [6.3476e-06, 9.9999e-01],
         [1.7870e-02, 9.8213e-01],
         [7.3417e-04, 9.9927e-01],
         [5.8524e-04, 9.9941e-01],
         [9.0665e-06, 9.9999e-01],
         [6.9215e-05, 9.9993e-01],
         [2.9511e-05, 9.9997e-01],
         [1.3916e-03, 9.9861e-01],
         [7.4361e-04, 9.9926e-01],
         [1.2194e-04, 9.9988e-01],
         [1.6710e-04, 9.9983e-01],
         [7.4645e-04, 9.9925e-01],
         [3.4439e-05, 9.9997e-01],
         [6.2012e-04, 9.9938e-01],
         [1.4647e-04, 9.9985e-01],
         [8.2399e-04, 9.9918e-01],
         [2.8214e-03, 9.9718e-01],
         [6.1201e-04, 9.9939e-01],
         [3.4608e-04, 9.9965e-01],
         [1.8682e-04, 9.9981e-01],
         [3.4525e-04, 9.9965e-01],
         [8.0741e-05, 9.9992e-01],
         [5.5834e-04, 9.9944e-01],
         [7.4756e-04, 9.9925e-01],
         [2.8039e-04, 9.9972e-01],
         [2.6067e-03, 9.9739e-01],
         [7.9052e-05, 9.9992e-01],
         [1.0474e-03, 9.9895e-01],
         [2.2974e-04, 9.9977e-01],
         [1.9112e-04, 9.9981e-01],
         [1.4197e-04, 9.9986e-01],
         [3.7143e-04, 9.9963e-01],
         [3.9132e-04, 9.9961e-01],
         [1.0640e-04, 9.9989e-01],
         [3.0052e-05, 9.9997e-01],
         [4.6529e-05, 9.9995e-01],
         [5.5276e-05, 9.9994e-01],
         [7.4407e-04, 9.9926e-01],
         [1.4038e-03, 9.9860e-01],
         [1.4685e-03, 9.9853e-01],
         [1.0719e-03, 9.9893e-01],
         [4.1718e-04, 9.9958e-01],
         [8.3502e-05, 9.9992e-01],
         [3.3838e-04, 9.9966e-01],
         [2.2766e-04, 9.9977e-01],
         [4.5314e-05, 9.9995e-01],
         [4.2501e-04, 9.9957e-01],
         [3.0441e-04, 9.9970e-01],
         [1.1943e-03, 9.9881e-01],
         [1.5556e-04, 9.9984e-01],
         [1.4337e-04, 9.9986e-01],
         [2.8168e-05, 9.9997e-01],
         [1.0101e-03, 9.9899e-01],
         [5.8458e-04, 9.9942e-01],
         [7.7020e-04, 9.9923e-01],
         [7.2141e-04, 9.9928e-01],
         [2.0800e-04, 9.9979e-01],
         [4.0694e-05, 9.9996e-01],
         [2.1213e-04, 9.9979e-01],
         [2.2050e-04, 9.9978e-01],
         [6.1197e-04, 9.9939e-01],
         [1.3353e-04, 9.9987e-01],
         [7.2432e-04, 9.9928e-01],
         [1.5288e-05, 9.9998e-01],
         [7.7258e-04, 9.9923e-01],
         [1.0721e-04, 9.9989e-01],
         [2.4784e-06, 1.0000e+00],
         [7.4614e-04, 9.9925e-01],
         [8.0613e-05, 9.9992e-01],
         [2.5748e-04, 9.9974e-01],
         [6.4570e-04, 9.9935e-01],
         [2.7298e-04, 9.9973e-01],
         [1.2843e-04, 9.9987e-01],
         [2.0504e-05, 9.9998e-01],
         [2.6784e-04, 9.9973e-01],
         [3.4720e-05, 9.9997e-01],
         [5.0765e-06, 9.9999e-01],
         [1.1778e-04, 9.9988e-01],
         [3.2920e-04, 9.9967e-01],
         [2.4794e-04, 9.9975e-01],
         [1.6169e-04, 9.9984e-01],
         [7.0607e-04, 9.9929e-01],
         [2.8354e-04, 9.9972e-01],
         [4.6827e-04, 9.9953e-01],
         [4.9352e-05, 9.9995e-01],
         [4.0215e-05, 9.9996e-01],
         [1.1192e-05, 9.9999e-01],
         [2.9178e-05, 9.9997e-01],
         [6.7858e-05, 9.9993e-01],
         [1.0044e-04, 9.9990e-01],
         [2.9037e-05, 9.9997e-01],
         [2.1055e-04, 9.9979e-01],
         [4.4543e-04, 9.9955e-01],
         [1.0795e-04, 9.9989e-01],
         [8.6584e-04, 9.9913e-01],
         [8.6110e-04, 9.9914e-01],
         [1.6908e-03, 9.9831e-01],
         [4.9787e-05, 9.9995e-01],
         [1.3733e-05, 9.9999e-01],
         [4.8868e-05, 9.9995e-01],
         [3.4845e-04, 9.9965e-01],
         [2.1085e-05, 9.9998e-01],
         [3.2133e-04, 9.9968e-01],
         [3.1702e-04, 9.9968e-01],
         [2.4970e-05, 9.9998e-01],
         [1.4340e-04, 9.9986e-01],
         [1.3191e-04, 9.9987e-01],
         [3.6901e-04, 9.9963e-01],
         [4.6606e-04, 9.9953e-01],
         [2.6103e-04, 9.9974e-01],
         [1.9827e-04, 9.9980e-01],
         [1.3989e-03, 9.9860e-01],
         [8.1850e-05, 9.9992e-01],
         [1.2286e-04, 9.9988e-01],
         [3.1820e-05, 9.9997e-01],
         [2.7237e-04, 9.9973e-01],
         [1.7203e-04, 9.9983e-01],
         [1.3083e-03, 9.9869e-01],
         [4.2494e-05, 9.9996e-01],
         [7.5869e-05, 9.9992e-01],
         [6.6102e-05, 9.9993e-01],
         [2.7822e-04, 9.9972e-01],
         [3.1639e-04, 9.9968e-01],
         [1.9645e-04, 9.9980e-01],
         [7.8799e-05, 9.9992e-01],
         [2.4876e-04, 9.9975e-01],
         [5.9481e-04, 9.9941e-01],
         [5.8396e-04, 9.9942e-01],
         [4.2166e-05, 9.9996e-01],
         [3.2031e-05, 9.9997e-01],
         [4.7233e-04, 9.9953e-01],
         [1.2543e-03, 9.9875e-01],
         [6.2081e-05, 9.9994e-01],
         [4.7417e-04, 9.9953e-01],
         [3.9037e-05, 9.9996e-01],
         [8.0524e-06, 9.9999e-01],
         [3.8168e-04, 9.9962e-01],
         [3.2855e-05, 9.9997e-01],
         [3.3994e-05, 9.9997e-01],
         [6.7302e-04, 9.9933e-01],
         [2.5677e-04, 9.9974e-01],
         [4.5735e-04, 9.9954e-01],
         [5.9216e-04, 9.9941e-01],
         [6.8417e-05, 9.9993e-01],
         [4.3324e-04, 9.9957e-01],
         [1.4655e-04, 9.9985e-01],
         [2.5470e-05, 9.9997e-01],
         [1.0689e-04, 9.9989e-01],
         [1.7402e-04, 9.9983e-01],
         [4.8220e-05, 9.9995e-01],
         [1.2439e-04, 9.9988e-01],
         [1.6979e-04, 9.9983e-01],
         [5.8862e-04, 9.9941e-01],
         [2.6384e-04, 9.9974e-01],
         [8.8135e-04, 9.9912e-01],
         [2.1762e-03, 9.9782e-01],
         [2.4889e-05, 9.9998e-01],
         [2.5492e-04, 9.9975e-01],
         [2.6548e-04, 9.9973e-01],
         [2.6992e-03, 9.9730e-01],
         [1.4924e-04, 9.9985e-01],
         [4.4315e-04, 9.9956e-01],
         [4.8182e-05, 9.9995e-01],
         [1.2147e-04, 9.9988e-01],
         [1.5437e-04, 9.9985e-01],
         [1.5868e-04, 9.9984e-01],
         [1.0265e-03, 9.9897e-01],
         [5.2765e-04, 9.9947e-01],
         [6.2698e-05, 9.9994e-01],
         [9.3925e-04, 9.9906e-01],
         [4.3145e-04, 9.9957e-01],
         [2.5657e-04, 9.9974e-01],
         [8.9050e-04, 9.9911e-01],
         [8.6119e-05, 9.9991e-01],
         [6.1761e-04, 9.9938e-01],
         [1.6100e-04, 9.9984e-01],
         [1.3336e-04, 9.9987e-01],
         [2.6004e-05, 9.9997e-01],
         [1.7699e-05, 9.9998e-01],
         [1.6128e-04, 9.9984e-01],
         [1.7006e-04, 9.9983e-01],
         [1.2145e-04, 9.9988e-01],
         [2.2710e-05, 9.9998e-01],
         [2.6422e-04, 9.9974e-01],
         [1.4636e-06, 1.0000e+00],
         [7.0404e-05, 9.9993e-01],
         [2.1569e-05, 9.9998e-01],
         [1.0571e-03, 9.9894e-01],
         [4.7974e-04, 9.9952e-01],
         [1.3428e-05, 9.9999e-01],
         [1.0457e-05, 9.9999e-01],
         [2.0835e-04, 9.9979e-01],
         [1.1266e-03, 9.9887e-01],
         [1.2639e-04, 9.9987e-01],
         [2.2949e-04, 9.9977e-01],
         [4.3074e-04, 9.9957e-01],
         [9.3603e-05, 9.9991e-01],
         [1.0404e-04, 9.9990e-01],
         [1.0776e-04, 9.9989e-01],
         [1.9430e-03, 9.9806e-01],
         [4.6586e-04, 9.9953e-01],
         [4.7227e-01, 5.2773e-01],
         [4.9136e-01, 5.0864e-01],
         [1.9423e-01, 8.0577e-01],
         [3.0704e-01, 6.9296e-01],
         [5.0477e-01, 4.9523e-01],
         [5.0407e-01, 4.9593e-01],
         [1.7860e-01, 8.2140e-01],
         [3.7860e-01, 6.2140e-01],
         [3.1742e-01, 6.8258e-01],
         [1.3720e-01, 8.6280e-01],
         [1.4259e-01, 8.5741e-01],
         [2.2027e-01, 7.7973e-01],
         [1.7941e-01, 8.2059e-01],
         [3.9855e-01, 6.0145e-01],
         [4.9752e-01, 5.0248e-01],
         [4.8498e-02, 9.5150e-01],
         [2.0193e-01, 7.9807e-01],
         [5.5453e-01, 4.4547e-01],
         [5.4031e-01, 4.5969e-01],
         [4.7951e-01, 5.2049e-01],
         [1.9335e-02, 9.8066e-01],
         [2.4549e-01, 7.5451e-01],
         [3.0293e-02, 9.6971e-01],
         [4.6542e-01, 5.3458e-01],
         [1.2437e-01, 8.7563e-01],
         [1.7176e-01, 8.2824e-01],
         [4.3897e-01, 5.6103e-01],
         [2.5396e-01, 7.4604e-01],
         [1.6516e-01, 8.3484e-01],
         [4.5307e-01, 5.4693e-01],
         [8.6508e-02, 9.1349e-01],
         [3.2095e-01, 6.7905e-01],
         [4.5996e-01, 5.4004e-01],
         [9.8245e-02, 9.0175e-01],
         [1.3286e-01, 8.6714e-01],
         [1.1843e-01, 8.8157e-01],
         [1.0857e-01, 8.9143e-01],
         [2.0510e-01, 7.9490e-01],
         [2.2370e-01, 7.7630e-01],
         [1.5333e-01, 8.4667e-01],
         [3.3356e-01, 6.6644e-01],
         [6.4267e-02, 9.3573e-01],
         [4.8191e-01, 5.1809e-01],
         [3.1258e-01, 6.8742e-01],
         [3.2209e-01, 6.7791e-01],
         [4.2946e-01, 5.7054e-01],
         [1.1339e-01, 8.8661e-01],
         [2.1877e-01, 7.8123e-01],
         [1.5980e-01, 8.4020e-01],
         [3.1577e-01, 6.8423e-01],
         [1.5963e-01, 8.4037e-01],
         [3.6553e-01, 6.3447e-01],
         [2.2670e-01, 7.7330e-01],
         [4.3582e-01, 5.6418e-01],
         [4.6688e-01, 5.3312e-01],
         [4.2070e-01, 5.7930e-01],
         [4.0993e-01, 5.9007e-01],
         [2.5948e-01, 7.4052e-01],
         [1.2158e-02, 9.8784e-01],
         [2.1558e-01, 7.8442e-01],
         [3.0242e-01, 6.9758e-01],
         [1.1482e-01, 8.8518e-01],
         [6.2377e-02, 9.3762e-01],
         [1.4403e-01, 8.5597e-01],
         [2.8616e-02, 9.7138e-01],
         [6.6448e-02, 9.3355e-01],
         [1.6111e-01, 8.3889e-01],
         [2.2544e-02, 9.7746e-01],
         [3.9703e-01, 6.0297e-01],
         [3.5039e-02, 9.6496e-01],
         [1.1130e-01, 8.8870e-01],
         [4.3513e-01, 5.6487e-01],
         [4.4943e-01, 5.5057e-01],
         [1.1450e-01, 8.8550e-01],
         [5.4124e-02, 9.4588e-01],
         [2.2083e-01, 7.7917e-01],
         [2.8171e-02, 9.7183e-01],
         [2.4120e-01, 7.5880e-01],
         [1.7896e-02, 9.8210e-01],
         [1.0498e-01, 8.9502e-01],
         [1.2245e-01, 8.7755e-01],
         [4.8861e-01, 5.1139e-01],
         [1.0964e-01, 8.9036e-01],
         [1.0035e-01, 8.9965e-01],
         [8.3794e-02, 9.1621e-01],
         [3.7451e-01, 6.2549e-01],
         [3.9526e-01, 6.0474e-01],
         [5.1092e-02, 9.4891e-01],
         [4.8255e-01, 5.1745e-01],
         [4.4583e-01, 5.5417e-01],
         [1.4570e-01, 8.5430e-01],
         [1.5301e-01, 8.4699e-01],
         [1.4844e-01, 8.5156e-01],
         [1.3308e-01, 8.6692e-01],
         [7.8514e-03, 9.9215e-01],
         [2.8910e-01, 7.1090e-01],
         [2.9696e-01, 7.0304e-01],
         [4.9247e-01, 5.0753e-01],
         [4.1938e-01, 5.8062e-01],
         [2.6042e-01, 7.3958e-01],
         [1.6716e-01, 8.3284e-01],
         [3.6038e-01, 6.3962e-01],
         [3.3282e-01, 6.6718e-01],
         [4.5119e-01, 5.4881e-01],
         [6.8872e-02, 9.3113e-01],
         [1.3088e-01, 8.6912e-01],
         [6.2704e-02, 9.3730e-01],
         [3.3777e-02, 9.6622e-01],
         [1.9312e-01, 8.0688e-01],
         [8.1785e-02, 9.1822e-01],
         [1.0861e-01, 8.9139e-01],
         [1.1585e-02, 9.8842e-01],
         [8.9671e-03, 9.9103e-01],
         [1.3972e-01, 8.6028e-01],
         [4.1949e-01, 5.8051e-01],
         [2.3693e-01, 7.6307e-01],
         [4.9889e-02, 9.5011e-01],
         [2.3137e-01, 7.6863e-01],
         [2.7444e-02, 9.7256e-01],
         [1.4713e-01, 8.5287e-01],
         [4.5369e-02, 9.5463e-01],
         [1.6892e-01, 8.3108e-01],
         [8.4053e-02, 9.1595e-01],
         [2.7745e-01, 7.2255e-01],
         [1.6282e-01, 8.3718e-01],
         [7.3699e-03, 9.9263e-01],
         [2.8628e-01, 7.1372e-01],
         [3.3917e-01, 6.6083e-01],
         [2.5418e-01, 7.4582e-01],
         [1.1858e-01, 8.8142e-01],
         [3.4533e-01, 6.5467e-01],
         [4.9435e-01, 5.0565e-01],
         [1.1755e-01, 8.8245e-01],
         [1.6143e-01, 8.3857e-01],
         [1.7297e-01, 8.2703e-01],
         [4.6905e-01, 5.3095e-01],
         [1.0312e-01, 8.9688e-01],
         [1.0576e-01, 8.9424e-01],
         [3.0818e-01, 6.9182e-01],
         [3.6048e-01, 6.3952e-01],
         [1.6582e-01, 8.3418e-01],
         [1.7161e-01, 8.2839e-01],
         [4.9166e-01, 5.0834e-01],
         [4.1531e-02, 9.5847e-01],
         [7.4784e-02, 9.2522e-01],
         [3.5796e-01, 6.4204e-01],
         [1.2357e-01, 8.7643e-01],
         [9.7780e-02, 9.0222e-01],
         [3.8480e-01, 6.1520e-01],
         [3.0649e-01, 6.9351e-01],
         [1.1031e-02, 9.8897e-01],
         [5.3345e-02, 9.4666e-01],
         [4.4479e-01, 5.5521e-01],
         [6.3609e-02, 9.3639e-01],
         [2.1297e-01, 7.8703e-01],
         [8.8437e-02, 9.1156e-01],
         [5.6641e-03, 9.9434e-01],
         [3.8718e-01, 6.1282e-01],
         [3.1415e-02, 9.6859e-01],
         [3.9289e-01, 6.0711e-01],
         [4.6992e-02, 9.5301e-01],
         [1.2054e-01, 8.7946e-01],
         [6.4374e-03, 9.9356e-01],
         [1.4325e-01, 8.5675e-01],
         [2.6056e-02, 9.7394e-01],
         [4.2417e-01, 5.7583e-01],
         [1.3007e-01, 8.6993e-01],
         [8.1928e-02, 9.1807e-01],
         [1.0984e-01, 8.9016e-01],
         [5.2410e-01, 4.7590e-01],
         [8.2148e-02, 9.1785e-01],
         [1.8879e-01, 8.1121e-01],
         [1.2556e-01, 8.7444e-01],
         [4.0373e-01, 5.9627e-01],
         [2.0187e-01, 7.9813e-01],
         [4.1042e-01, 5.8958e-01],
         [3.1802e-01, 6.8198e-01],
         [2.7504e-02, 9.7250e-01],
         [3.4251e-01, 6.5749e-01],
         [4.0184e-02, 9.5982e-01],
         [4.5356e-01, 5.4644e-01],
         [3.4006e-02, 9.6599e-01],
         [8.8265e-02, 9.1173e-01],
         [1.3316e-01, 8.6684e-01],
         [6.2476e-03, 9.9375e-01],
         [1.5075e-02, 9.8492e-01],
         [3.2768e-01, 6.7232e-01],
         [1.7504e-01, 8.2496e-01],
         [2.4106e-01, 7.5894e-01],
         [9.0282e-02, 9.0972e-01],
         [7.6329e-03, 9.9237e-01],
         [3.1488e-01, 6.8512e-01],
         [2.8231e-02, 9.7177e-01],
         [2.1769e-02, 9.7823e-01],
         [5.2552e-02, 9.4745e-01],
         [7.9817e-02, 9.2018e-01],
         [8.9715e-02, 9.1028e-01],
         [8.4300e-02, 9.1570e-01],
         [3.2585e-01, 6.7415e-01],
         [4.6082e-01, 5.3918e-01],
         [8.8738e-02, 9.1126e-01],
         [2.4702e-01, 7.5298e-01],
         [4.5088e-01, 5.4912e-01],
         [3.6076e-01, 6.3924e-01],
         [4.8285e-01, 5.1715e-01],
         [2.6143e-01, 7.3857e-01],
         [9.1020e-02, 9.0898e-01],
         [2.0087e-02, 9.7991e-01],
         [1.5415e-01, 8.4585e-01],
         [3.3649e-01, 6.6351e-01],
         [4.4249e-01, 5.5751e-01],
         [1.3358e-01, 8.6642e-01],
         [2.8126e-02, 9.7187e-01],
         [1.4477e-01, 8.5523e-01],
         [4.0229e-01, 5.9771e-01],
         [3.2453e-01, 6.7547e-01],
         [2.1748e-02, 9.7825e-01],
         [3.0698e-01, 6.9302e-01],
         [3.2891e-01, 6.7109e-01],
         [2.8599e-01, 7.1401e-01],
         [2.9116e-01, 7.0884e-01],
         [1.7064e-01, 8.2936e-01],
         [1.1964e-01, 8.8036e-01],
         [3.9674e-02, 9.6033e-01],
         [4.2153e-01, 5.7847e-01],
         [2.8369e-01, 7.1631e-01],
         [2.0269e-02, 9.7973e-01],
         [4.3448e-01, 5.6552e-01],
         [6.7095e-03, 9.9329e-01],
         [1.1373e-01, 8.8627e-01],
         [4.8737e-01, 5.1263e-01],
         [3.1804e-02, 9.6820e-01],
         [2.3350e-01, 7.6650e-01],
         [2.2061e-01, 7.7939e-01],
         [2.3817e-01, 7.6183e-01],
         [3.2505e-02, 9.6750e-01],
         [3.2986e-02, 9.6701e-01],
         [1.9883e-02, 9.8012e-01],
         [4.7360e-02, 9.5264e-01],
         [5.7147e-02, 9.4285e-01],
         [6.5999e-02, 9.3400e-01],
         [2.3105e-01, 7.6895e-01],
         [4.0897e-02, 9.5910e-01],
         [5.6140e-03, 9.9439e-01],
         [9.3175e-02, 9.0683e-01],
         [1.5405e-02, 9.8459e-01],
         [4.2606e-01, 5.7394e-01],
         [2.5509e-02, 9.7449e-01],
         [2.0984e-02, 9.7902e-01],
         [5.7782e-02, 9.4222e-01],
         [1.1978e-02, 9.8802e-01],
         [4.5921e-02, 9.5408e-01],
         [2.6869e-02, 9.7313e-01],
         [7.0658e-02, 9.2934e-01],
         [2.6318e-02, 9.7368e-01],
         [1.8086e-01, 8.1914e-01],
         [1.0321e-03, 9.9897e-01],
         [6.2336e-03, 9.9377e-01],
         [1.9653e-02, 9.8035e-01],
         [2.7704e-01, 7.2296e-01],
         [1.4147e-01, 8.5853e-01],
         [1.2506e-02, 9.8749e-01],
         [8.3970e-02, 9.1603e-01],
         [3.4320e-02, 9.6568e-01],
         [3.0704e-03, 9.9693e-01],
         [1.3946e-03, 9.9861e-01],
         [1.4353e-03, 9.9856e-01],
         [7.9683e-03, 9.9203e-01],
         [8.8561e-02, 9.1144e-01],
         [4.3358e-03, 9.9566e-01],
         [3.0315e-02, 9.6968e-01],
         [2.4453e-02, 9.7555e-01],
         [1.8056e-02, 9.8194e-01],
         [4.2101e-01, 5.7899e-01],
         [1.5132e-01, 8.4868e-01],
         [1.4875e-02, 9.8512e-01],
         [7.7181e-02, 9.2282e-01],
         [1.4486e-01, 8.5514e-01],
         [1.2233e-03, 9.9878e-01],
         [2.2585e-02, 9.7742e-01],
         [1.8948e-01, 8.1052e-01],
         [9.6348e-03, 9.9037e-01],
         [2.0579e-01, 7.9421e-01],
         [7.2014e-02, 9.2799e-01],
         [9.8264e-02, 9.0174e-01],
         [2.3540e-02, 9.7646e-01],
         [1.9620e-03, 9.9804e-01],
         [5.7602e-02, 9.4240e-01],
         [6.7546e-03, 9.9325e-01],
         [5.6477e-02, 9.4352e-01],
         [6.6851e-03, 9.9331e-01],
         [9.1124e-02, 9.0888e-01],
         [9.7570e-04, 9.9902e-01],
         [3.4567e-01, 6.5433e-01],
         [8.4626e-03, 9.9154e-01],
         [6.1454e-03, 9.9385e-01],
         [4.1661e-01, 5.8339e-01],
         [2.4202e-01, 7.5798e-01],
         [4.7754e-02, 9.5225e-01],
         [3.7450e-01, 6.2550e-01],
         [3.6444e-03, 9.9636e-01],
         [8.5884e-03, 9.9141e-01],
         [1.8848e-02, 9.8115e-01],
         [5.7059e-03, 9.9429e-01],
         [2.2473e-02, 9.7753e-01],
         [1.3051e-02, 9.8695e-01],
         [2.0268e-02, 9.7973e-01],
         [3.2199e-01, 6.7801e-01],
         [1.7696e-02, 9.8230e-01],
         [4.5152e-02, 9.5485e-01],
         [5.2945e-03, 9.9471e-01],
         [1.2134e-03, 9.9879e-01],
         [8.0378e-02, 9.1962e-01],
         [1.1618e-02, 9.8838e-01],
         [2.8784e-03, 9.9712e-01],
         [1.1180e-03, 9.9888e-01],
         [5.8176e-03, 9.9418e-01],
         [4.9887e-02, 9.5011e-01],
         [8.2108e-03, 9.9179e-01],
         [4.5730e-01, 5.4270e-01],
         [9.3702e-03, 9.9063e-01],
         [3.2257e-02, 9.6774e-01],
         [1.5381e-03, 9.9846e-01],
         [5.2636e-03, 9.9474e-01],
         [3.6712e-01, 6.3288e-01],
         [3.0636e-01, 6.9364e-01],
         [4.1887e-03, 9.9581e-01],
         [8.8703e-02, 9.1130e-01],
         [8.6571e-03, 9.9134e-01],
         [6.1356e-02, 9.3864e-01],
         [8.0413e-02, 9.1959e-01],
         [6.7227e-03, 9.9328e-01],
         [5.4226e-03, 9.9458e-01],
         [5.0545e-02, 9.4945e-01],
         [1.2190e-02, 9.8781e-01],
         [2.6407e-04, 9.9974e-01],
         [1.2855e-02, 9.8715e-01],
         [9.5906e-02, 9.0409e-01],
         [2.5658e-01, 7.4342e-01],
         [8.5738e-02, 9.1426e-01],
         [4.3427e-01, 5.6573e-01],
         [1.1272e-02, 9.8873e-01],
         [1.3296e-01, 8.6704e-01],
         [1.3821e-02, 9.8618e-01],
         [2.8073e-03, 9.9719e-01],
         [4.8398e-01, 5.1602e-01],
         [1.9548e-02, 9.8045e-01],
         [3.1484e-02, 9.6852e-01],
         [7.0611e-02, 9.2939e-01],
         [7.6594e-03, 9.9234e-01],
         [1.3538e-02, 9.8646e-01],
         [1.9237e-01, 8.0763e-01],
         [1.6642e-03, 9.9834e-01],
         [1.1060e-02, 9.8894e-01],
         [1.8859e-01, 8.1141e-01],
         [3.5922e-02, 9.6408e-01],
         [1.8557e-01, 8.1443e-01],
         [2.1119e-02, 9.7888e-01],
         [5.2618e-03, 9.9474e-01],
         [3.3533e-01, 6.6467e-01],
         [6.8613e-02, 9.3139e-01],
         [4.5452e-03, 9.9545e-01],
         [6.7780e-03, 9.9322e-01],
         [2.4499e-02, 9.7550e-01],
         [4.9617e-03, 9.9504e-01],
         [1.5267e-02, 9.8473e-01],
         [1.5092e-02, 9.8491e-01],
         [7.7682e-04, 9.9922e-01],
         [7.7936e-02, 9.2206e-01],
         [1.4982e-02, 9.8502e-01],
         [2.5671e-03, 9.9743e-01],
         [5.3921e-02, 9.4608e-01],
         [7.3068e-04, 9.9927e-01],
         [3.6198e-03, 9.9638e-01],
         [1.0485e-03, 9.9895e-01],
         [1.0669e-03, 9.9893e-01],
         [1.2732e-01, 8.7268e-01],
         [2.9888e-03, 9.9701e-01],
         [7.6303e-04, 9.9924e-01],
         [6.2477e-02, 9.3752e-01],
         [7.8264e-03, 9.9217e-01],
         [2.4133e-02, 9.7587e-01],
         [1.1825e-02, 9.8817e-01],
         [3.8282e-03, 9.9617e-01],
         [2.4376e-02, 9.7562e-01],
         [3.3195e-04, 9.9967e-01],
         [6.8655e-04, 9.9931e-01],
         [1.2111e-03, 9.9879e-01],
         [1.8499e-01, 8.1501e-01],
         [4.3884e-03, 9.9561e-01],
         [1.4597e-03, 9.9854e-01],
         [2.6919e-03, 9.9731e-01],
         [2.1972e-03, 9.9780e-01],
         [6.6999e-04, 9.9933e-01],
         [1.4605e-02, 9.8539e-01],
         [2.0014e-01, 7.9986e-01],
         [3.4211e-03, 9.9658e-01],
         [6.0488e-03, 9.9395e-01],
         [2.5788e-03, 9.9742e-01],
         [7.3110e-03, 9.9269e-01],
         [1.7331e-03, 9.9827e-01],
         [1.3653e-02, 9.8635e-01],
         [1.8245e-02, 9.8176e-01],
         [9.8656e-04, 9.9901e-01],
         [8.0369e-03, 9.9196e-01],
         [3.2615e-03, 9.9674e-01],
         [3.7542e-04, 9.9962e-01],
         [1.1765e-02, 9.8823e-01],
         [7.4492e-02, 9.2551e-01],
         [8.9426e-03, 9.9106e-01],
         [1.1794e-02, 9.8821e-01],
         [5.0018e-03, 9.9500e-01],
         [1.7515e-03, 9.9825e-01],
         [1.5468e-01, 8.4532e-01],
         [6.9125e-05, 9.9993e-01],
         [9.1037e-03, 9.9090e-01],
         [2.6787e-02, 9.7321e-01],
         [1.3944e-03, 9.9861e-01],
         [1.0028e-01, 8.9972e-01],
         [1.4719e-02, 9.8528e-01],
         [2.0668e-04, 9.9979e-01],
         [5.0024e-02, 9.4998e-01],
         [2.1425e-03, 9.9786e-01],
         [1.1674e-02, 9.8833e-01],
         [4.5959e-03, 9.9540e-01],
         [3.9212e-02, 9.6079e-01],
         [6.6626e-04, 9.9933e-01],
         [1.1634e-03, 9.9884e-01],
         [2.7790e-03, 9.9722e-01],
         [2.0013e-03, 9.9800e-01],
         [3.1906e-01, 6.8094e-01],
         [6.8300e-02, 9.3170e-01],
         [6.1179e-03, 9.9388e-01],
         [3.1370e-02, 9.6863e-01],
         [5.1873e-03, 9.9481e-01],
         [8.7417e-03, 9.9126e-01],
         [4.2959e-03, 9.9570e-01],
         [1.1869e-03, 9.9881e-01],
         [2.6166e-03, 9.9738e-01],
         [2.1996e-02, 9.7800e-01],
         [2.8215e-03, 9.9718e-01],
         [8.5981e-04, 9.9914e-01],
         [1.6620e-02, 9.8338e-01],
         [1.0119e-02, 9.8988e-01],
         [3.0054e-02, 9.6995e-01],
         [4.4683e-01, 5.5317e-01],
         [5.2293e-03, 9.9477e-01],
         [1.4723e-03, 9.9853e-01],
         [2.2256e-03, 9.9777e-01],
         [7.4176e-02, 9.2582e-01],
         [1.8596e-02, 9.8140e-01],
         [1.6235e-03, 9.9838e-01],
         [2.8893e-03, 9.9711e-01],
         [6.9716e-03, 9.9303e-01],
         [2.2795e-03, 9.9772e-01],
         [3.6839e-01, 6.3161e-01],
         [2.8529e-03, 9.9715e-01],
         [1.6066e-02, 9.8393e-01],
         [5.6134e-03, 9.9439e-01],
         [1.1962e-02, 9.8804e-01],
         [9.0605e-03, 9.9094e-01],
         [4.9050e-02, 9.5095e-01],
         [4.1911e-02, 9.5809e-01],
         [4.6622e-02, 9.5338e-01],
         [1.5332e-03, 9.9847e-01],
         [2.2798e-02, 9.7720e-01],
         [4.0676e-02, 9.5932e-01],
         [1.8054e-01, 8.1946e-01],
         [1.0523e-02, 9.8948e-01],
         [3.7435e-03, 9.9626e-01],
         [2.6739e-03, 9.9733e-01],
         [8.9403e-04, 9.9911e-01],
         [2.3334e-03, 9.9767e-01],
         [2.3518e-02, 9.7648e-01],
         [4.7767e-02, 9.5223e-01],
         [7.2130e-03, 9.9279e-01],
         [1.3784e-03, 9.9862e-01],
         [3.2198e-03, 9.9678e-01],
         [7.7838e-04, 9.9922e-01],
         [1.4812e-03, 9.9852e-01],
         [4.4692e-03, 9.9553e-01],
         [3.3654e-03, 9.9663e-01],
         [9.5017e-02, 9.0498e-01],
         [6.2128e-04, 9.9938e-01],
         [8.6196e-02, 9.1380e-01],
         [7.9095e-06, 9.9999e-01],
         [5.8720e-02, 9.4128e-01],
         [2.5665e-01, 7.4335e-01],
         [5.3474e-03, 9.9465e-01],
         [7.3602e-02, 9.2640e-01],
         [4.4787e-03, 9.9552e-01],
         [2.3587e-02, 9.7641e-01],
         [2.2501e-03, 9.9775e-01],
         [3.6687e-03, 9.9633e-01],
         [2.3361e-03, 9.9766e-01],
         [5.0966e-03, 9.9490e-01],
         [6.8635e-02, 9.3136e-01],
         [7.6822e-03, 9.9232e-01],
         [2.9565e-02, 9.7043e-01],
         [5.3475e-05, 9.9995e-01],
         [2.4001e-03, 9.9760e-01],
         [3.1285e-03, 9.9687e-01],
         [2.5220e-03, 9.9748e-01],
         [3.9001e-03, 9.9610e-01],
         [6.7833e-03, 9.9322e-01],
         [3.0401e-03, 9.9696e-01],
         [7.8138e-03, 9.9219e-01],
         [1.1550e-04, 9.9988e-01],
         [7.3646e-04, 9.9926e-01],
         [3.3629e-04, 9.9966e-01],
         [2.5107e-03, 9.9749e-01],
         [3.6694e-02, 9.6331e-01],
         [2.3868e-03, 9.9761e-01],
         [1.4251e-03, 9.9857e-01],
         [6.1971e-04, 9.9938e-01],
         [1.5293e-04, 9.9985e-01],
         [1.6363e-03, 9.9836e-01],
         [8.4568e-05, 9.9992e-01],
         [9.9933e-05, 9.9990e-01],
         [8.2079e-04, 9.9918e-01],
         [1.1386e-05, 9.9999e-01],
         [5.0049e-04, 9.9950e-01],
         [2.4205e-04, 9.9976e-01],
         [1.5150e-03, 9.9849e-01],
         [5.2604e-04, 9.9947e-01],
         [1.1895e-02, 9.8811e-01],
         [3.8238e-03, 9.9618e-01],
         [1.7538e-04, 9.9982e-01],
         [1.1590e-04, 9.9988e-01],
         [3.4338e-03, 9.9657e-01],
         [2.7784e-05, 9.9997e-01],
         [1.1514e-03, 9.9885e-01],
         [8.1430e-04, 9.9919e-01],
         [8.5284e-04, 9.9915e-01],
         [2.5617e-05, 9.9997e-01],
         [1.6174e-04, 9.9984e-01],
         [3.2436e-04, 9.9968e-01],
         [2.0745e-04, 9.9979e-01],
         [6.7533e-03, 9.9325e-01],
         [4.9850e-05, 9.9995e-01],
         [1.9527e-04, 9.9980e-01],
         [2.9248e-03, 9.9708e-01],
         [2.6511e-04, 9.9973e-01],
         [1.3341e-03, 9.9867e-01],
         [1.3331e-04, 9.9987e-01],
         [4.1920e-05, 9.9996e-01],
         [5.0236e-06, 9.9999e-01],
         [6.5192e-06, 9.9999e-01],
         [6.5920e-04, 9.9934e-01],
         [2.4123e-04, 9.9976e-01],
         [1.0282e-03, 9.9897e-01],
         [6.3095e-03, 9.9369e-01],
         [3.8571e-04, 9.9961e-01],
         [8.6840e-04, 9.9913e-01],
         [6.1730e-04, 9.9938e-01],
         [1.2371e-04, 9.9988e-01],
         [5.8627e-04, 9.9941e-01],
         [1.6134e-04, 9.9984e-01],
         [6.6417e-05, 9.9993e-01],
         [5.9624e-05, 9.9994e-01],
         [1.0978e-04, 9.9989e-01],
         [1.8296e-06, 1.0000e+00],
         [2.3783e-04, 9.9976e-01],
         [2.3700e-04, 9.9976e-01],
         [1.0162e-04, 9.9990e-01],
         [1.9032e-04, 9.9981e-01],
         [1.0626e-03, 9.9894e-01],
         [1.1215e-05, 9.9999e-01],
         [6.6946e-05, 9.9993e-01],
         [4.0169e-05, 9.9996e-01],
         [1.1557e-04, 9.9988e-01],
         [1.2770e-04, 9.9987e-01],
         [1.1059e-05, 9.9999e-01],
         [2.0405e-03, 9.9796e-01],
         [3.1887e-04, 9.9968e-01],
         [1.4709e-04, 9.9985e-01],
         [4.2268e-04, 9.9958e-01],
         [2.8404e-05, 9.9997e-01],
         [5.8847e-05, 9.9994e-01],
         [9.0848e-04, 9.9909e-01],
         [5.0011e-06, 9.9999e-01],
         [2.7764e-06, 1.0000e+00],
         [1.2618e-04, 9.9987e-01],
         [4.0696e-04, 9.9959e-01],
         [4.0410e-03, 9.9596e-01],
         [1.0550e-04, 9.9989e-01],
         [3.4741e-05, 9.9997e-01],
         [1.0118e-03, 9.9899e-01],
         [5.8407e-04, 9.9942e-01],
         [7.5030e-04, 9.9925e-01],
         [1.1587e-04, 9.9988e-01],
         [1.1363e-04, 9.9989e-01],
         [2.5821e-04, 9.9974e-01],
         [3.9079e-05, 9.9996e-01],
         [1.5681e-05, 9.9998e-01],
         [3.8311e-04, 9.9962e-01],
         [1.3668e-05, 9.9999e-01],
         [1.1729e-04, 9.9988e-01],
         [2.6331e-05, 9.9997e-01],
         [2.0421e-02, 9.7958e-01],
         [5.3715e-04, 9.9946e-01],
         [3.9532e-05, 9.9996e-01],
         [4.7371e-05, 9.9995e-01],
         [2.0990e-03, 9.9790e-01],
         [3.1086e-04, 9.9969e-01],
         [3.3176e-04, 9.9967e-01],
         [1.0756e-04, 9.9989e-01],
         [4.5140e-04, 9.9955e-01],
         [9.1207e-03, 9.9088e-01],
         [1.4233e-03, 9.9858e-01],
         [1.3423e-03, 9.9866e-01],
         [2.3248e-04, 9.9977e-01],
         [3.3115e-04, 9.9967e-01],
         [7.2942e-04, 9.9927e-01],
         [7.0674e-04, 9.9929e-01],
         [7.5873e-04, 9.9924e-01],
         [8.1764e-05, 9.9992e-01],
         [2.1925e-04, 9.9978e-01],
         [5.5597e-04, 9.9944e-01],
         [3.7083e-05, 9.9996e-01],
         [1.3156e-04, 9.9987e-01],
         [1.3508e-03, 9.9865e-01],
         [6.2978e-04, 9.9937e-01],
         [4.3448e-06, 1.0000e+00],
         [2.0153e-04, 9.9980e-01],
         [1.7956e-05, 9.9998e-01],
         [6.9893e-05, 9.9993e-01],
         [5.8820e-05, 9.9994e-01],
         [5.3026e-05, 9.9995e-01],
         [7.8060e-04, 9.9922e-01],
         [1.1481e-03, 9.9885e-01],
         [1.8787e-03, 9.9812e-01],
         [3.4821e-04, 9.9965e-01],
         [4.5444e-05, 9.9995e-01],
         [3.1189e-05, 9.9997e-01],
         [2.0414e-03, 9.9796e-01],
         [1.3664e-03, 9.9863e-01],
         [1.0040e-03, 9.9900e-01],
         [1.4807e-03, 9.9852e-01],
         [7.0052e-04, 9.9930e-01],
         [1.2670e-04, 9.9987e-01],
         [8.4577e-05, 9.9992e-01],
         [2.0370e-03, 9.9796e-01],
         [7.2119e-05, 9.9993e-01],
         [3.5942e-04, 9.9964e-01],
         [2.6543e-06, 1.0000e+00],
         [8.6757e-05, 9.9991e-01],
         [3.1229e-04, 9.9969e-01],
         [3.8271e-05, 9.9996e-01],
         [1.4368e-03, 9.9856e-01],
         [1.9947e-05, 9.9998e-01],
         [5.6041e-05, 9.9994e-01],
         [3.9902e-05, 9.9996e-01],
         [3.0220e-05, 9.9997e-01],
         [5.4411e-05, 9.9995e-01],
         [4.0840e-05, 9.9996e-01],
         [1.4278e-04, 9.9986e-01],
         [1.0057e-04, 9.9990e-01],
         [7.7253e-05, 9.9992e-01],
         [1.6003e-04, 9.9984e-01],
         [2.7780e-06, 1.0000e+00],
         [1.3174e-04, 9.9987e-01],
         [1.3652e-03, 9.9863e-01],
         [2.7325e-04, 9.9973e-01],
         [1.0965e-04, 9.9989e-01],
         [2.1075e-04, 9.9979e-01],
         [1.7776e-04, 9.9982e-01],
         [1.7156e-04, 9.9983e-01],
         [5.0773e-05, 9.9995e-01],
         [3.8668e-04, 9.9961e-01],
         [6.2749e-05, 9.9994e-01],
         [1.4167e-06, 1.0000e+00],
         [9.5063e-05, 9.9990e-01],
         [1.4066e-04, 9.9986e-01],
         [8.4872e-04, 9.9915e-01],
         [2.8557e-05, 9.9997e-01],
         [2.2844e-03, 9.9772e-01],
         [6.9768e-05, 9.9993e-01],
         [1.2083e-04, 9.9988e-01],
         [7.8156e-04, 9.9922e-01],
         [1.0787e-04, 9.9989e-01],
         [1.3822e-04, 9.9986e-01],
         [2.5747e-04, 9.9974e-01],
         [5.0128e-04, 9.9950e-01],
         [3.1646e-04, 9.9968e-01],
         [4.4291e-04, 9.9956e-01],
         [2.4682e-04, 9.9975e-01],
         [5.4230e-04, 9.9946e-01],
         [6.1281e-05, 9.9994e-01],
         [3.3650e-03, 9.9664e-01],
         [7.0737e-05, 9.9993e-01],
         [4.7786e-04, 9.9952e-01],
         [1.0071e-04, 9.9990e-01],
         [2.8186e-04, 9.9972e-01],
         [4.7948e-05, 9.9995e-01],
         [2.2788e-04, 9.9977e-01],
         [4.1127e-05, 9.9996e-01],
         [2.0886e-04, 9.9979e-01],
         [1.5091e-04, 9.9985e-01],
         [1.3778e-03, 9.9862e-01],
         [4.5523e-04, 9.9954e-01],
         [2.9304e-03, 9.9707e-01],
         [5.8973e-04, 9.9941e-01],
         [7.5535e-04, 9.9924e-01],
         [3.9109e-04, 9.9961e-01],
         [7.7459e-05, 9.9992e-01],
         [6.7469e-05, 9.9993e-01],
         [6.8035e-05, 9.9993e-01],
         [1.8576e-03, 9.9814e-01],
         [5.6421e-05, 9.9994e-01],
         [2.0577e-05, 9.9998e-01],
         [6.7333e-05, 9.9993e-01],
         [3.8925e-05, 9.9996e-01],
         [5.6685e-05, 9.9994e-01],
         [8.2186e-05, 9.9992e-01],
         [5.6723e-04, 9.9943e-01],
         [4.0350e-04, 9.9960e-01],
         [3.7156e-05, 9.9996e-01],
         [2.6498e-03, 9.9735e-01],
         [4.7439e-05, 9.9995e-01],
         [8.6121e-05, 9.9991e-01],
         [1.4758e-05, 9.9999e-01],
         [1.7130e-03, 9.9829e-01],
         [1.3914e-04, 9.9986e-01],
         [4.8868e-04, 9.9951e-01],
         [2.0317e-04, 9.9980e-01],
         [8.7003e-05, 9.9991e-01],
         [4.8459e-04, 9.9952e-01],
         [1.8313e-04, 9.9982e-01],
         [2.0508e-04, 9.9979e-01],
         [6.4959e-05, 9.9994e-01],
         [9.0462e-04, 9.9910e-01],
         [9.3897e-05, 9.9991e-01],
         [2.0369e-04, 9.9980e-01],
         [1.1203e-04, 9.9989e-01],
         [3.9790e-03, 9.9602e-01],
         [1.4814e-05, 9.9999e-01],
         [1.6702e-04, 9.9983e-01],
         [9.4188e-04, 9.9906e-01],
         [6.6073e-05, 9.9993e-01],
         [2.4607e-04, 9.9975e-01],
         [2.0875e-05, 9.9998e-01],
         [1.3457e-04, 9.9987e-01],
         [2.2208e-04, 9.9978e-01],
         [1.1253e-03, 9.9887e-01],
         [1.5987e-04, 9.9984e-01],
         [3.4736e-04, 9.9965e-01],
         [8.2793e-05, 9.9992e-01],
         [1.1674e-03, 9.9883e-01],
         [1.1352e-04, 9.9989e-01],
         [5.8769e-04, 9.9941e-01],
         [3.1962e-04, 9.9968e-01],
         [2.2517e-04, 9.9977e-01],
         [6.7255e-04, 9.9933e-01],
         [1.0902e-04, 9.9989e-01],
         [1.9084e-05, 9.9998e-01],
         [8.9766e-05, 9.9991e-01],
         [1.5623e-04, 9.9984e-01],
         [1.9015e-03, 9.9810e-01],
         [2.2300e-04, 9.9978e-01],
         [4.8871e-04, 9.9951e-01],
         [1.7391e-05, 9.9998e-01],
         [6.1032e-05, 9.9994e-01],
         [5.6532e-04, 9.9943e-01],
         [5.1741e-04, 9.9948e-01],
         [1.0201e-05, 9.9999e-01],
         [1.0850e-03, 9.9891e-01],
         [1.1463e-04, 9.9989e-01],
         [1.9950e-04, 9.9980e-01],
         [5.8594e-04, 9.9941e-01],
         [4.5775e-05, 9.9995e-01],
         [2.2082e-04, 9.9978e-01],
         [1.7155e-04, 9.9983e-01],
         [2.3746e-04, 9.9976e-01],
         [6.8281e-04, 9.9932e-01],
         [1.1737e-04, 9.9988e-01],
         [3.3071e-04, 9.9967e-01],
         [8.0503e-05, 9.9992e-01],
         [1.7977e-04, 9.9982e-01],
         [2.0630e-04, 9.9979e-01],
         [2.2090e-04, 9.9978e-01],
         [3.9058e-05, 9.9996e-01],
         [1.8823e-04, 9.9981e-01],
         [3.6130e-04, 9.9964e-01],
         [1.1643e-03, 9.9884e-01],
         [1.4336e-03, 9.9857e-01],
         [6.2318e-05, 9.9994e-01],
         [6.5985e-05, 9.9993e-01],
         [1.8447e-04, 9.9982e-01],
         [5.7029e-04, 9.9943e-01],
         [4.9229e-04, 9.9951e-01],
         [5.1070e-05, 9.9995e-01],
         [9.0510e-05, 9.9991e-01],
         [7.2748e-05, 9.9993e-01],
         [1.3303e-04, 9.9987e-01],
         [1.0743e-03, 9.9893e-01],
         [4.4815e-04, 9.9955e-01],
         [5.8223e-04, 9.9942e-01],
         [1.9582e-04, 9.9980e-01],
         [6.3408e-06, 9.9999e-01],
         [1.7873e-02, 9.8213e-01],
         [7.3429e-04, 9.9927e-01],
         [5.8455e-04, 9.9942e-01],
         [9.0606e-06, 9.9999e-01],
         [6.9208e-05, 9.9993e-01],
         [2.9531e-05, 9.9997e-01],
         [1.3916e-03, 9.9861e-01],
         [7.4307e-04, 9.9926e-01],
         [1.2192e-04, 9.9988e-01],
         [1.6703e-04, 9.9983e-01],
         [7.4531e-04, 9.9925e-01],
         [3.4458e-05, 9.9997e-01],
         [6.1981e-04, 9.9938e-01],
         [1.4647e-04, 9.9985e-01],
         [8.2348e-04, 9.9918e-01],
         [2.8212e-03, 9.9718e-01],
         [6.1154e-04, 9.9939e-01],
         [3.4590e-04, 9.9965e-01],
         [1.8717e-04, 9.9981e-01],
         [3.4501e-04, 9.9966e-01],
         [8.0727e-05, 9.9992e-01],
         [5.5786e-04, 9.9944e-01],
         [7.4773e-04, 9.9925e-01],
         [2.8068e-04, 9.9972e-01],
         [2.6041e-03, 9.9740e-01],
         [7.9031e-05, 9.9992e-01],
         [1.0474e-03, 9.9895e-01],
         [2.2977e-04, 9.9977e-01],
         [1.9089e-04, 9.9981e-01],
         [1.4209e-04, 9.9986e-01],
         [3.7109e-04, 9.9963e-01],
         [3.9151e-04, 9.9961e-01],
         [3.0072e-05, 9.9997e-01],
         [1.0657e-04, 9.9989e-01],
         [4.6524e-05, 9.9995e-01],
         [5.5265e-05, 9.9994e-01],
         [7.4408e-04, 9.9926e-01],
         [1.4049e-03, 9.9860e-01],
         [1.0711e-03, 9.9893e-01],
         [1.4696e-03, 9.9853e-01],
         [4.1798e-04, 9.9958e-01],
         [8.3598e-05, 9.9992e-01],
         [3.3847e-04, 9.9966e-01],
         [2.2744e-04, 9.9977e-01],
         [4.5296e-05, 9.9995e-01],
         [4.2522e-04, 9.9957e-01],
         [3.0463e-04, 9.9970e-01],
         [1.1941e-03, 9.9881e-01],
         [1.5566e-04, 9.9984e-01],
         [1.4337e-04, 9.9986e-01],
         [2.8181e-05, 9.9997e-01],
         [1.0098e-03, 9.9899e-01],
         [5.8459e-04, 9.9942e-01],
         [7.6924e-04, 9.9923e-01],
         [7.2061e-04, 9.9928e-01],
         [2.0779e-04, 9.9979e-01],
         [4.0624e-05, 9.9996e-01],
         [2.1205e-04, 9.9979e-01],
         [2.2043e-04, 9.9978e-01],
         [6.1225e-04, 9.9939e-01],
         [1.3368e-04, 9.9987e-01],
         [1.5283e-05, 9.9998e-01],
         [7.2492e-04, 9.9928e-01],
         [7.7180e-04, 9.9923e-01],
         [1.0711e-04, 9.9989e-01],
         [2.4776e-06, 1.0000e+00],
         [8.0569e-05, 9.9992e-01],
         [7.4591e-04, 9.9925e-01],
         [2.5743e-04, 9.9974e-01],
         [6.4515e-04, 9.9935e-01],
         [2.7299e-04, 9.9973e-01],
         [1.2862e-04, 9.9987e-01],
         [2.0538e-05, 9.9998e-01],
         [2.6807e-04, 9.9973e-01],
         [3.4746e-05, 9.9997e-01],
         [5.0717e-06, 9.9999e-01],
         [1.1784e-04, 9.9988e-01],
         [3.2939e-04, 9.9967e-01],
         [2.4792e-04, 9.9975e-01],
         [1.6162e-04, 9.9984e-01],
         [7.0688e-04, 9.9929e-01],
         [4.6808e-04, 9.9953e-01],
         [2.8368e-04, 9.9972e-01],
         [4.9308e-05, 9.9995e-01],
         [4.0146e-05, 9.9996e-01],
         [1.1176e-05, 9.9999e-01],
         [2.9248e-05, 9.9997e-01],
         [6.7854e-05, 9.9993e-01],
         [1.0047e-04, 9.9990e-01],
         [2.9048e-05, 9.9997e-01],
         [2.1058e-04, 9.9979e-01],
         [4.4522e-04, 9.9955e-01],
         [1.0784e-04, 9.9989e-01],
         [8.6661e-04, 9.9913e-01],
         [8.6069e-04, 9.9914e-01],
         [1.6905e-03, 9.9831e-01],
         [4.9837e-05, 9.9995e-01],
         [1.3725e-05, 9.9999e-01],
         [3.4846e-04, 9.9965e-01],
         [4.8892e-05, 9.9995e-01],
         [2.1101e-05, 9.9998e-01],
         [3.2177e-04, 9.9968e-01],
         [3.1721e-04, 9.9968e-01],
         [2.4951e-05, 9.9998e-01],
         [1.4351e-04, 9.9986e-01],
         [1.3194e-04, 9.9987e-01],
         [3.6855e-04, 9.9963e-01],
         [4.6622e-04, 9.9953e-01],
         [2.6079e-04, 9.9974e-01],
         [1.9834e-04, 9.9980e-01],
         [1.3985e-03, 9.9860e-01],
         [8.1827e-05, 9.9992e-01],
         [1.2266e-04, 9.9988e-01],
         [3.1852e-05, 9.9997e-01],
         [2.7232e-04, 9.9973e-01],
         [1.7202e-04, 9.9983e-01],
         [1.3104e-03, 9.9869e-01],
         [4.2557e-05, 9.9996e-01],
         [7.5866e-05, 9.9992e-01],
         [6.6224e-05, 9.9993e-01],
         [2.7846e-04, 9.9972e-01],
         [3.1644e-04, 9.9968e-01],
         [1.9678e-04, 9.9980e-01],
         [7.8951e-05, 9.9992e-01],
         [2.4869e-04, 9.9975e-01],
         [5.9453e-04, 9.9941e-01],
         [5.8373e-04, 9.9942e-01],
         [3.2054e-05, 9.9997e-01],
         [4.2134e-05, 9.9996e-01],
         [4.7194e-04, 9.9953e-01],
         [1.2543e-03, 9.9875e-01],
         [6.2081e-05, 9.9994e-01],
         [4.7395e-04, 9.9953e-01],
         [3.9061e-05, 9.9996e-01],
         [8.0452e-06, 9.9999e-01],
         [3.8151e-04, 9.9962e-01],
         [3.2800e-05, 9.9997e-01],
         [3.3995e-05, 9.9997e-01],
         [6.7367e-04, 9.9933e-01],
         [2.5671e-04, 9.9974e-01],
         [4.5779e-04, 9.9954e-01],
         [5.9304e-04, 9.9941e-01],
         [6.8492e-05, 9.9993e-01],
         [1.4634e-04, 9.9985e-01],
         [4.3315e-04, 9.9957e-01],
         [2.5492e-05, 9.9997e-01],
         [1.0692e-04, 9.9989e-01],
         [4.8137e-05, 9.9995e-01],
         [1.7421e-04, 9.9983e-01],
         [1.2450e-04, 9.9988e-01],
         [1.6980e-04, 9.9983e-01],
         [5.8886e-04, 9.9941e-01],
         [2.6395e-04, 9.9974e-01],
         [8.8207e-04, 9.9912e-01],
         [2.4895e-05, 9.9998e-01],
         [2.1757e-03, 9.9782e-01],
         [2.5508e-04, 9.9974e-01],
         [2.6526e-04, 9.9973e-01],
         [2.7016e-03, 9.9730e-01],
         [1.4905e-04, 9.9985e-01],
         [4.4237e-04, 9.9956e-01],
         [4.8180e-05, 9.9995e-01],
         [1.2156e-04, 9.9988e-01],
         [1.5477e-04, 9.9985e-01],
         [1.5871e-04, 9.9984e-01],
         [1.0255e-03, 9.9897e-01],
         [5.2750e-04, 9.9947e-01],
         [6.2637e-05, 9.9994e-01],
         [9.3969e-04, 9.9906e-01],
         [4.3105e-04, 9.9957e-01],
         [2.5684e-04, 9.9974e-01],
         [8.9089e-04, 9.9911e-01],
         [8.6127e-05, 9.9991e-01],
         [6.1723e-04, 9.9938e-01],
         [1.6122e-04, 9.9984e-01],
         [1.3368e-04, 9.9987e-01],
         [2.6056e-05, 9.9997e-01],
         [1.6114e-04, 9.9984e-01],
         [1.7709e-05, 9.9998e-01],
         [1.7016e-04, 9.9983e-01],
         [1.2148e-04, 9.9988e-01],
         [2.6471e-04, 9.9974e-01],
         [2.2686e-05, 9.9998e-01],
         [1.4631e-06, 1.0000e+00],
         [7.0379e-05, 9.9993e-01],
         [2.1577e-05, 9.9998e-01],
         [1.0581e-03, 9.9894e-01],
         [4.7994e-04, 9.9952e-01],
         [1.3415e-05, 9.9999e-01],
         [1.0455e-05, 9.9999e-01],
         [2.0848e-04, 9.9979e-01],
         [1.1261e-03, 9.9887e-01],
         [1.2639e-04, 9.9987e-01],
         [2.2957e-04, 9.9977e-01],
         [1.0400e-04, 9.9990e-01],
         [9.3592e-05, 9.9991e-01],
         [4.3118e-04, 9.9957e-01],
         [1.0796e-04, 9.9989e-01],
         [1.9429e-03, 9.9806e-01],
         [4.6551e-04, 9.9953e-01]]], device='cuda:0')
